  File: /data/mephi-web
  Size: 4096      	Blocks: 8          IO Block: 4096   directory
Device: 8,17	Inode: 2           Links: 3
Access: (2775/drwxrwsr-x)  Uid: ( 1001/mephi-admin)   Gid: ( 1002/mephi-devs)
Context: system_u:object_r:httpd_sys_content_t:s0
Access: 2026-04-29 21:38:57.555290758 +0300
Modify: 2026-04-29 21:37:00.084023075 +0300
Change: 2026-04-29 21:37:00.084023075 +0300
 Birth: 2026-04-29 17:04:23.000000000 +0300
